202003	Bonnie		Guangzhou		girl	157.0,80.0	81.0	81.0	54.0	91.0	9.0	6.0	7.0	8.0	3
202005	Hayden		Shanghai		boy	168.0,85.0	82.0	91.0	60.0	92.0	9.0	10.0	9.0	8.0	4
202007	Dylan		Shenzhen		female	154.0,83.0	76.0	85.0	75.0	93.0	7.0	7.0	10.0	9.0	2
202011	Franklin		Guangzhou		boy	161.0,83.0	79.0	75.0	78.0	92.0	7.0	6.0	7.0	7.0	3
202013	Donald		Beijing		male	163.0,82.0	73.0	83.0	70.0	89.0	10.0	6.0	10.0	4.0	2
202025	Victoria		Shenzhen		girl	153.0,81.0	84.0	91.0	63.0	91.0	9.0	8.0	9.0	8.0	2
202026	Donna		Shenzhen		boy	166.0,74.0	84.0	85.0	69.0	91.0	5.0	6.0	10.0	5.0	3
202036	Mickey		Guangzhou		girl	152.0,83.0	83.0	86.0	55.0	91.0	7.0	9.0	10.0	7.0	2
202039	Claudia		Shanghai		female	165.0,77.0	79.0	84.0	85.0	89.0	9.0	7.0	10.0	7.0	2
202053	Joliet		Guangzhou		female	155.0,80.0	79.0	88.0	60.0	87.0	6.0	8.0	8.0	7.0	2
202062	Winnie		Beijing		male	171.0,81.0	84.0	86.0	70.0	90.0	6.0	7.0	10.0	8.0	2
202063	Adeline		Shenzhen		male	163.0,80.0	84.0	87.0	70.0	92.0	10.0	10.0	6.0	6.0	2
202065	Olivia		Shenzhen		girl	169.0,81.0	70.0	88.0	71.0	89.0	7.0	9.0	10.0	8.0	4
202066	Geoffrey		Shanghai		female	165.0,80.0	86.0	81.0	67.0	88.0	10.0	6.0	7.0	5.0	1
202069	Eva		Shenzhen		female	155.0,72.0	92.0	84.0	66.0	92.0	9.0	7.0	10.0	6.0	2
202071	Phoebe		Shanghai		male	170.0,78.0	85.0	91.0	68.0	87.0	9.0	6.0	8.0	9.0	2
202077	Melissa		Shenzhen		girl	159.0,77.0	87.0	85.0	70.0	91.0	5.0	10.0	9.0	9.0	2
202078	Sheila		Beijing		girl	161.0,79.0	68.0	82.0	83.0	92.0	10.0	6.0	6.0	10.0	3
202081	Deborah		Shenzhen		boy	165.0,76.0	95.0	84.0	65.0	93.0	10.0	6.0	6.0	6.0	3
202083	Susan		Shenzhen		male	163.0,79.0	69.0	87.0	43.0	89.0	7.0	7.0	9.0	10.0	2
202087	Dick		Guangzhou		male	174.0,83.0	84.0	81.0	65.0	88.0	5.0	10.0	10.0	10.0	1
202107	Tamara		Shanghai		female	156.0,81.0	74.0	79.0	68.0	87.0	10.0	6.0	8.0	8.0	1
